sum_results_5000 = [
	0.013945,	0.072942,	0.049020,	0.014702,	0.017588,	0.014284,	0.014275;
	0.013940,	0.282527,	0.199661,	0.014230,	0.013158,	0.011477,	0.010758;
	0.014019,	0.768475,	0.256442,	0.015204,	0.011704,	0.010628,	0.010195;
	0.013951,	1.472492,	0.317436,	0.017627,	0.016150,	0.014579,	0.014524;
	0.013973,	2.204586,	0.388292,	0.024114,	0.027212,	0.025322,	0.025250;
	0.013962,	1.657447,	0.316498,	0.054176,	0.047457,	0.052524,	0.052896;
];
sum_results_30000 = [
	0.083695,	0.434631,	0.292757,	0.085580,	0.101289,	0.084008,	0.083862;
	0.083705,	1.937508,	1.322114,	0.067833,	0.054908,	0.046294,	0.045817;
	0.083588,	5.749141,	1.539897,	0.067883,	0.035067,	0.029740,	0.029365;
	0.083502,	8.328906,	1.769262,	0.070720,	0.030697,	0.025732,	0.025658;
	0.083650,	13.036382,	1.871121,	0.064565,	0.034153,	0.029540,	0.030938;
	0.083619,	7.477123,	1.521077,	0.073003,	0.052861,	0.054859,	0.055942;
];
